0,0
0,0
0,0
0,0
0,0
0,0
10000,46
10000,47
10000,47
10000,30
10000,48
10000,47
20000,39
20000,35
20000,34
20000,45
20000,39
20000,33
30000,48
30000,49
30000,40
30000,42
30000,51
30000,52
40000,40
40000,57
40000,46
40000,44
40000,37
40000,42
0,0
0,0
0,0
0,0
0,0
0,0
0,0
0,0
0,0
0,0
0,0
0,0
0,0
0,0
0,0
0,0
0,0
0,0
0,0
0,0
0,0
0,0
1000,5
1000,1
1000,2
1000,4
1000,2
1000,2
1000,5
1000,4
1000,3
1000,4
2000,5
2000,4
2000,0
2000,2
2000,3
2000,4
2000,4
2000,7
2000,2
2000,5
3000,0
3000,2
3000,3
3000,9
3000,2
3000,3
3000,1
3000,2
3000,2
3000,1
4000,2
4000,1
4000,4
4000,4
4000,3
4000,3
4000,2
4000,1
4000,6
4000,2
5000,3
5000,1
5000,1
5000,4
5000,1
5000,1
5000,3
5000,1
5000,4
5000,0
6000,3
6000,2
6000,4
6000,2
6000,4
6000,2
6000,3
6000,1
6000,3
6000,2
7000,4
7000,2
7000,1
7000,1
7000,1
7000,2
7000,1
7000,0
7000,2
7000,2
8000,0
8000,0
8000,0
8000,0
8000,0
8000,3
8000,0
8000,1
8000,0
8000,0
9000,1
9000,0
9000,0
9000,0
9000,0
9000,0
9000,0
9000,0
9000,0
9000,0
10000,3
10000,0
10000,2
10000,4
10000,1
10000,0
10000,0
10000,5
10000,0
10000,2
11000,4
11000,2
11000,4
11000,3
11000,5
11000,2
11000,3
11000,3
11000,2
11000,5
12000,2
12000,1
12000,2
12000,4
12000,2
12000,4
12000,1
12000,7
12000,2
12000,2
13000,0
13000,4
13000,1
13000,1
13000,1
13000,2
13000,0
13000,0
13000,1
13000,1
14000,0
14000,4
14000,2
14000,0
14000,0
14000,0
14000,1
14000,3
14000,1
14000,1
15000,1
15000,0
15000,0
15000,0
15000,0
15000,0
15000,0
15000,0
15000,0
15000,0
16000,0
16000,0
16000,1
16000,0
16000,0
16000,2
16000,0
16000,2
16000,2
16000,1
17000,3
17000,2
17000,2
17000,3
17000,1
17000,2
17000,2
17000,1
17000,1
17000,1
18000,2
18000,1
18000,3
18000,3
18000,3
18000,4
18000,1
18000,2
18000,0
18000,4
19000,1
19000,5
19000,5
19000,1
19000,0
19000,1
19000,1
19000,1
19000,0
19000,0
20000,2
20000,1
20000,1
20000,4
20000,1
20000,1
20000,2
20000,5
20000,0
20000,2
21000,6
21000,4
21000,1
21000,1
21000,6
21000,4
21000,5
21000,2
21000,0
21000,2
22000,0
22000,2
22000,0
22000,2
22000,3
22000,2
22000,0
22000,2
22000,0
22000,1
23000,1
23000,4
23000,0
23000,2
23000,1
23000,2
23000,1
23000,2
23000,4
23000,4
24000,0
24000,2
24000,0
24000,0
24000,0
24000,0
24000,0
24000,0
24000,5
24000,0
25000,2
25000,0
25000,1
25000,0
25000,1
25000,0
25000,0
25000,0
25000,1
25000,0
26000,0
26000,1
26000,0
26000,0
26000,0
26000,0
26000,0
26000,3
26000,1
26000,0
27000,0
27000,0
27000,0
27000,0
27000,0
27000,1
27000,0
27000,0
27000,1
27000,0
28000,3
28000,1
28000,1
28000,3
28000,3
28000,3
28000,1
28000,2
28000,3
28000,1
29000,2
29000,4
29000,2
29000,1
29000,3
29000,1
29000,1
29000,2
29000,3
29000,1
30000,1
30000,3
30000,3
30000,5
30000,2
30000,2
30000,3
30000,4
30000,4
30000,2
31000,2
31000,5
31000,3
31000,1
31000,3
31000,1
31000,5
31000,1
31000,3
31000,3
32000,3
32000,7
32000,2
32000,1
32000,2
32000,3
32000,3
32000,6
32000,1
32000,3
33000,1
33000,1
33000,2
33000,3
33000,1
33000,4
33000,1
33000,3
33000,2
33000,3
34000,5
34000,4
34000,0
34000,1
34000,0
34000,1
34000,1
34000,0
34000,0
34000,1
35000,0
35000,1
35000,0
35000,1
35000,2
35000,1
35000,0
35000,0
35000,1
35000,1
36000,0
36000,2
36000,1
36000,0
36000,1
36000,0
36000,0
36000,0
36000,1
36000,0
37000,0
37000,0
37000,0
37000,0
37000,3
37000,0
37000,0
37000,0
37000,3
37000,0
38000,1
38000,1
38000,2
38000,1
38000,0
38000,1
38000,3
38000,0
38000,1
38000,0
39000,6
39000,0
39000,0
39000,0
39000,0
39000,2
39000,0
39000,0
39000,1
39000,1
40000,3
40000,0
40000,1
40000,2
40000,1
40000,2
40000,2
40000,3
40000,0
40000,0
41000,0
41000,1
41000,0
41000,3
41000,0
41000,0
41000,1
41000,0
41000,1
41000,2
42000,0
42000,0
42000,0
42000,2
42000,1
42000,3
42000,0
42000,1
42000,1
42000,2
43000,1
43000,0
43000,0
43000,2
43000,1
43000,0
43000,2
43000,0
43000,0
43000,0
44000,1
44000,1
44000,1
44000,2
44000,3
44000,0
44000,2
44000,1
44000,4
44000,2
45000,1
45000,1
45000,1
45000,0
45000,0
45000,1
45000,0
45000,0
45000,1
45000,0
46000,1
46000,3
46000,2
46000,1
46000,0
46000,3
46000,5
46000,3
46000,2
46000,1
47000,3
47000,1
47000,3
47000,6
47000,2
47000,3
47000,1
47000,3
47000,0
47000,6
48000,1
48000,4
48000,4
48000,3
48000,0
48000,1
48000,1
48000,2
48000,3
48000,1
49000,3
49000,3
49000,0
49000,4
49000,0
49000,1
49000,1
49000,0
49000,0
49000,0
50000,1
50000,3
50000,7
50000,1
50000,0
50000,2
50000,0
50000,2
50000,1
50000,0
51000,2
51000,0
51000,0
51000,1
51000,3
51000,1
51000,4
51000,2
51000,4
51000,1
52000,0
52000,1
52000,2
52000,0
52000,2
52000,0
52000,1
52000,0
52